Input 1:
3
5 2 6 8
0 6 1 8

Output 1:
0 30 17 78 70 56 64

Input 2:
3
2 4 4 5
5 1 7 2

Output 2:
10 22 38 61 41 43 10

Input 3:
31
1 7 1 5 0 1 0 5 5 3 4 6 9 2 5 4 4 4 7 3 1 6 8 2 4 1 8 6 0 1 2 6
4 1 2 7 8 0 0 7 1 3 3 7 2 6 6 0 8 7 2 7 8 8 6 4 4 4 5 7 9 7 3 5

Output 3:
4 29 13 42 64 77 44 69 82 52 124 145 187 124 237 237 208 235 278 296 289 377 393 365 395 465
438 428 534 578 561 582 522 530 569 564 483 524 604 517 530 474 483 494 401 389 374 383 330 293 292 256 239 217 179 170 112 111 97 71 53 28 30 
